107
128 53 255 0 128 0 16
128 57 255 0 128 0 16
127 63 255 0 128 0 16
125 70 255 0 128 0 16
123 77 255 0 128 0 16
120 85 255 0 128 0 16
116 95 255 0 128 0 16
111 107 255 0 128 0 16
107 120 255 0 128 0 16
101 132 255 0 128 0 16
97 144 255 0 128 0 16
92 155 255 0 128 0 16
88 165 255 0 128 0 16
84 174 255 0 128 0 16
80 182 255 0 128 0 16
77 188 255 0 128 0 16
76 192 255 0 128 0 16
75 195 255 0 128 0 16
74 196 255 0 128 0 16
74 197 255 0 128 0 16
0 0 255 0 128 0 16
175 95 255 0 128 0 25
176 95 255 0 128 0 25
176 97 255 0 128 0 25
176 101 255 0 128 0 25
176 107 255 0 128 0 25
172 115 255 0 128 0 25
169 123 255 0 128 0 25
166 134 255 0 128 0 25
160 145 255 0 128 0 25
155 157 255 0 128 0 25
149 172 255 0 128 0 25
143 186 255 0 128 0 25
136 199 255 0 128 0 25
129 212 255 0 128 0 25
123 223 255 0 128 0 25
118 233 255 0 128 0 25
113 242 255 0 128 0 25
109 250 255 0 128 0 25
106 259 255 0 128 0 25
104 267 255 0 128 0 25
102 274 255 0 128 0 25
101 280 255 0 128 0 25
101 284 255 0 128 0 25
101 288 255 0 128 0 25
101 291 255 0 128 0 25
101 294 255 0 128 0 25
101 296 255 0 128 0 25
101 298 255 0 128 0 25
101 299 255 0 128 0 25
101 301 255 0 128 0 25
100 302 255 0 128 0 25
0 0 255 0 128 0 25
215 142 255 136 103 255 10
214 144 255 136 103 255 10
212 148 255 136 103 255 10
211 153 255 136 103 255 10
209 160 255 136 103 255 10
205 168 255 136 103 255 10
202 177 255 136 103 255 10
198 187 255 136 103 255 10
195 196 255 136 103 255 10
190 206 255 136 103 255 10
186 216 255 136 103 255 10
182 224 255 136 103 255 10
179 233 255 136 103 255 10
175 241 255 136 103 255 10
172 248 255 136 103 255 10
170 255 255 136 103 255 10
169 262 255 136 103 255 10
168 268 255 136 103 255 10
167 273 255 136 103 255 10
166 279 255 136 103 255 10
165 285 255 136 103 255 10
164 289 255 136 103 255 10
163 293 255 136 103 255 10
162 298 255 136 103 255 10
161 301 255 136 103 255 10
160 304 255 136 103 255 10
159 307 255 136 103 255 10
157 309 255 136 103 255 10
157 312 255 136 103 255 10
156 314 255 136 103 255 10
155 316 255 136 103 255 10
155 317 255 136 103 255 10
154 320 255 136 103 255 10
153 321 255 136 103 255 10
152 322 255 136 103 255 10
152 323 255 136 103 255 10
152 324 255 136 103 255 10
152 326 255 136 103 255 10
152 328 255 136 103 255 10
151 330 255 136 103 255 10
150 330 255 136 103 255 10
150 331 255 136 103 255 10
150 332 255 136 103 255 10
150 333 255 136 103 255 10
150 336 255 136 103 255 10
150 337 255 136 103 255 10
150 338 255 136 103 255 10
149 340 255 136 103 255 10
148 341 255 136 103 255 10
148 342 255 136 103 255 10
148 343 255 136 103 255 10
148 344 255 136 103 255 10
148 345 255 136 103 255 10
0 0 255 136 103 255 10
